$ 0 0.0000049999999999999996 3.046768661252054 23 5 43 5e-11
v 752 368 752 176 0 0 40 5 0 0 0.5
S 320 112 256 112 0 1 false 1 2
S 320 208 256 208 0 1 false 1 2
S 192 -32 192 32 0 1 false 1 2
S 384 240 384 304 0 1 false 2 2
S 480 240 480 304 0 1 false 2 2
S 64 112 128 112 0 1 false 2 2
S 64 208 128 208 0 1 false 2 2
430 512 112 592 112 0 0 false
w 320 208 480 208 0
w 512 160 512 208 0
S 448 448 448 384 0 1 false 1 2
w 432 304 464 304 0
w 432 384 432 304 0
w 368 304 336 304 0
w 336 304 336 352 0
w 336 352 528 352 0
w 528 352 528 304 0
w 528 304 496 304 0
w 464 384 528 384 0
w 528 384 528 352 0
w 128 224 128 240 0
w 176 240 256 240 0
w 256 240 256 224 0
w 128 192 128 176 0
w 128 176 256 176 0
w 256 176 256 192 0
w 256 128 256 144 0
w 256 144 128 144 0
w 128 144 128 128 0
w 128 96 128 80 0
w 128 80 256 80 0
w 256 80 256 96 0
w 176 32 176 240 0
w 208 32 256 32 0
w 256 32 256 80 0
w 384 112 512 112 0
w 384 240 384 112 0
w 32 480 32 112 0
w 32 112 64 112 0
w 192 -32 752 -32 0
w 752 -32 752 176 0
w 752 368 752 528 0
x 132 120 147 123 4 24 b
x 241 118 255 121 4 24 a
x 242 215 256 218 4 24 a
x 131 216 146 219 4 24 b
x 377 309 392 312 4 24 b
x 472 309 487 312 4 24 b
x 441 389 455 392 4 24 a
x 572 86 587 89 4 24 1
x 409 200 444 203 4 24 ~u
x -59 117 17 120 4 24 u[i\p1]
x -69 215 27 218 4 24 ~u[i\p1]
w 640 176 752 176 0
w 480 240 480 208 0
w 448 480 448 448 0
w 32 528 448 528 0
w 448 528 752 528 0
w 176 240 128 240 0
w 384 112 320 112 0
w 480 208 512 208 0
w 432 304 400 304 0
162 448 480 448 528 2 default-led 0 1 0 0.01
162 32 480 32 528 2 default-led 0 1 0 0.01
x 545 106 560 109 4 24 u
423 288 -1 178 -1 0
423 288 0 288 104 0
423 288 105 288 208 0
423 464 408 286 407 0
423 286 407 288 209 0
423 96 272 97 119 0
423 96 272 283 271 0
423 292 271 484 270 0
x 157 28 172 31 4 24 0
x 108 151 123 154 4 24 0
x 213 27 228 30 4 24 1
x 109 90 124 93 4 24 1
x 186 33 200 36 4 24 a
x 572 121 587 124 4 24 0
